2.6024e+05
2.9547e+05
2.8793e+05
2.7643e+05
2.6673e+05
2.7313e+05
2.5395e+05
3.2217e+05
2.885e+05
3.0689e+05
3.533e+05
2.9879e+05
2.3765e+05
3.288e+05
3.1027e+05
3.1325e+05
3.3387e+05
3.4329e+05
3.182e+05
3.2323e+05
2.9888e+05
3.4472e+05
3.4949e+05
3.3211e+05
3.4532e+05
3.1807e+05
3.1809e+05
2.2283e+05
2.8141e+05
3.4489e+05
3.2804e+05
3.5707e+05
2.9419e+05
3.4431e+05
3.3977e+05
3.1521e+05
2.5475e+05
3.4285e+05
3.15e+05
3.1269e+05
3.027e+05
3.1168e+05
3.2128e+05
3.4516e+05
2.9539e+05
3.517e+05
3.0502e+05
3.1415e+05
3.4197e+05
3.3728e+05
3.1719e+05
3.3428e+05
3.2131e+05
2.8143e+05
3.0811e+05
2.8432e+05
3.1842e+05
2.6259e+05
3.2175e+05
3.1053e+05
3.6083e+05
3.37e+05
3.2217e+05
3.1409e+05
3.2114e+05
3.6879e+05
3.1708e+05
3.4889e+05
2.8663e+05
3.3357e+05
2.6732e+05
3.6512e+05
3.4506e+05
3.2576e+05
2.7133e+05
3.3313e+05
3.4821e+05
3.3303e+05
3.3251e+05
3.3252e+05
3.3251e+05
3.3251e+05
3.3251e+05
3.3252e+05
3.3251e+05
